0.0
0.0
0.0
0.0
0.0
0.0
0.0
0.0
0.0
0.0
0.0
0.0
0.0
0.0
1.5
1.5
1.5
1.5
2.0
2.0
2.0
2.0
10.0
10.0
10.0
15.0
15.0
15.0
15.0
15.0
15.0
15.0
15.0
15.0
15.0
15.0
15.0
18.5
18.5
18.5
18.5
20.5
20.5
24.5
24.5
24.5
24.5
24.5
24.5
24.5
24.5
24.5
24.5
33.5
35.5
50.0
50.0
50.0
50.0
53.0
53.0
56.5
56.5
62.0
72.5
72.5
72.5
72.5
72.5
78.0
78.0
81.0
82.0
82.0
85.5
85.5
90.0
111.5
125.5
132.5
132.5
133.0
133.0
133.0
136.0
137.0
141.5
142.0
154.0
154.0
155.5
155.5
160.0
160.0
167.0
168.0
168.0
169.0
173.5
174.5
175.5
175.5
193.5
201.0
201.0
201.0
201.0
221.5
237.0
255.0
267.5
272.0
276.0
280.0
286.0
286.5
286.5
286.5
290.5
296.0
296.0
296.0
296.0
296.0
307.0
307.0
310.0
316.5
316.5
316.5
316.5
316.5
330.0
332.0
332.5
332.5
332.5
346.0
347.5
359.0
359.0
363.5
363.5
367.5
371.0
371.5
371.5
371.5
371.5
379.5
379.5
381.0
381.0
381.0
381.0
381.0
395.0
399.5
415.5
415.5
422.5
422.5
422.5
422.5
423.5
426.5
428.0
428.0
428.0
428.0
428.0
428.0
428.0
445.5
447.0
456.5
459.0
459.0
459.0
459.0
474.0
479.5
479.5
480.0
483.0
486.5
486.5
486.5
486.5
486.5
491.0
493.5
493.5
493.5
493.5
493.5
498.5
498.5
498.5
498.5
498.5
498.5
498.5
498.5
498.5
498.5
501.5
501.5
501.5
501.5
501.5
501.5
501.5
505.0
505.0
505.0
509.5
509.5
509.5
509.5
509.5
509.5
509.5
509.5
509.5
509.5
509.5
517.0
517.0
517.0
517.0
517.0
517.0
517.0
517.0
526.5
526.5
526.5
526.5
526.5
529.0
529.0
529.0
529.0
529.0
531.5
531.5
531.5
531.5
531.5
531.5
531.5
531.5
536.0
536.0
536.0
536.0
536.0
536.0
536.0
536.0
536.0
536.0
536.5
536.5
536.5
536.5
536.5
536.5
536.5
536.5
536.5
536.5
536.5
536.5
536.5
536.5
536.5
536.5
536.5
536.5
536.5
536.5
536.5
536.5
536.5
536.5
536.5
536.5
536.5
536.5
536.5
536.5
536.5
536.5
536.5
536.5
536.5
536.5
536.5
536.5
536.5
536.5
536.5
536.5
536.5
536.5
536.5
536.5
536.5
536.5
536.5
536.5
536.5
536.5
536.5
536.5
536.5
536.5
536.5
536.5
536.5
536.5
536.5
536.5
536.5
536.5
536.5
536.5
536.5
536.5
536.5
536.5
536.5
536.5
536.5
536.5
536.5
536.5
536.5
536.5
536.5
536.5
536.5
536.5
536.5
536.5
536.5
536.5
536.5
536.5
536.5
536.5
536.5
536.5
536.5
536.5
536.5
536.5
536.5
536.5
536.5
536.5
536.5
536.5
536.5
536.5
536.5
536.5
536.5
536.5
536.5
536.5
536.5
536.5
536.5
536.5
536.5
536.5
536.5
536.5
536.5
536.5
536.5
536.5
536.5
536.5
536.5
536.5
536.5
536.5
536.5
536.5
536.5
536.5
536.5
536.5
536.5
536.5
536.5
536.5
536.5
536.5
536.5
536.5
536.5
536.5
536.5
536.5
536.5
536.5
536.5
536.5
536.5
536.5
536.5
536.5
536.5
536.5
536.5
536.5
536.5
536.5
536.5
536.5
536.5
536.5
536.5
536.5
536.5
536.5
536.5
536.5
536.5
536.5
536.5
536.5
536.5
