0.0
0.0
0.0
0.0
0.0
0.0
0.0
0.0
0.0
-0.25
0.0
-0.25
0.0
0.0
-0.8999999999999999
-0.5
0.0
0.0
-0.3
0.0
-0.5
0.0
-5.05
0.0
-0.5
-3.5
-0.25
-0.25
0.0
-0.25
-0.25
-0.25
0.0
0.0
-0.5
-0.25
0.0
-2.35
0.0
0.0
0.0
-1.7
-0.5
-2.9
-0.25
-0.75
0.0
-0.25
-0.5
-0.75
-0.5
-0.25
-0.5
-6.1499999999999995
-1.7
-8.7
-0.75
-1.0
-0.5
-2.05
-0.25
-2.1
-0.75
-3.55
-6.55
0.0
-0.5
-1.5
-1.0
-3.3
-0.5
-2.05
-1.35
-1.5
-2.85
-0.25
-2.9499999999999997
-13.9
-9.4
-4.95
0.0
-0.55
-0.5
-1.25
-2.3
-0.85
-4.199999999999999
-0.55
-7.199999999999999
-0.5
-2.15
-0.25
-3.1999999999999997
-0.75
-4.7
-1.85
-0.75
-0.85
-3.6999999999999997
-1.1
-1.6
-0.25
-11.299999999999999
-5.0
-2.0
-0.75
-1.25
-13.049999999999999
-10.549999999999999
-10.799999999999999
-8.5
-3.9499999999999997
-4.15
-3.15
-3.8499999999999996
-0.3
-0.5
-0.5
-2.9
-3.3
-0.5
-0.5
-0.75
-0.75
-6.85
-1.0
-2.3
-3.9
-0.75
-0.5
-0.25
-0.75
-8.35
-1.45
-0.3
-1.0
-1.5
-8.6
-1.9
-7.1499999999999995
-0.5
-3.1999999999999997
-0.25
-2.65
-2.35
-0.55
-0.75
-0.75
-1.0
-5.05
0.0
-1.15
-0.25
-0.5
-0.75
-0.75
-8.9
-2.9499999999999997
-9.85
-0.5
-4.95
-0.25
-0.5
0.0
-1.1
-2.05
-1.4
-0.25
0.0
-0.25
-0.25
-0.25
-0.75
-10.75
-1.65
-5.95
-1.75
-0.5
-1.0
-0.25
-9.5
-3.55
-0.5
-1.3
-1.7999999999999998
-2.85
0.0
0.0
-0.25
-0.25
-2.9499999999999997
-1.5
-0.25
-0.5
-0.75
-0.5
-3.5
-0.5
-0.5
-1.25
-0.25
-0.25
0.0
-0.25
-1.0
0.0
-2.05
-0.25
-0.5
-0.25
-0.25
0.0
-1.0
-2.1
0.0
-0.25
-2.9499999999999997
0.0
0.0
0.0
0.0
0.0
0.0
0.0
0.0
-0.5
-0.75
-4.5
-0.25
-0.25
-0.25
-0.5
-0.5
0.0
-0.25
-5.7
0.0
-0.25
-0.25
-0.75
-1.75
0.0
0.0
-0.25
-0.5
-1.5
0.0
0.0
0.0
0.0
0.0
-0.25
-0.25
-2.6999999999999997
-0.25
-0.25
0.0
0.0
0.0
-0.25
0.0
0.0
0.0
-0.55
0.0
0.0
0.0
0.0
-0.25
-0.5
0.0
0.0
-0.25
-0.5
0.0
0.0
-0.25
0.0
0.0
-0.5
0.0
0.0
0.0
0.0
0.0
0.0
0.0
0.0
0.0
0.0
0.0
0.0
-0.25
0.0
0.0
0.0
0.0
0.0
0.0
0.0
0.0
0.0
0.0
-0.25
0.0
0.0
0.0
0.0
0.0
0.0
0.0
-0.25
0.0
0.0
0.0
0.0
0.0
0.0
0.0
0.0
0.0
0.0
0.0
-0.25
0.0
0.0
0.0
0.0
0.0
0.0
0.0
0.0
0.0
0.0
0.0
0.0
0.0
0.0
0.0
0.0
0.0
0.0
0.0
0.0
0.0
0.0
0.0
0.0
0.0
0.0
0.0
0.0
0.0
0.0
0.0
0.0
0.0
0.0
0.0
0.0
0.0
0.0
0.0
0.0
0.0
0.0
0.0
0.0
0.0
0.0
0.0
0.0
0.0
0.0
0.0
0.0
0.0
0.0
0.0
0.0
0.0
0.0
0.0
0.0
0.0
0.0
0.0
0.0
0.0
0.0
0.0
0.0
-0.25
0.0
0.0
0.0
0.0
0.0
0.0
0.0
0.0
0.0
0.0
0.0
0.0
0.0
0.0
0.0
0.0
0.0
0.0
0.0
0.0
0.0
0.0
0.0
0.0
0.0
0.0
0.0
0.0
0.0
0.0
0.0
0.0
0.0
0.0
0.0
0.0
0.0
0.0
0.0
0.0
-0.25
0.0
0.0
0.0
0.0
