0.0
0.0
0.0
-5.5
-4.0
0.0
0.0
0.0
0.0
9.0
0.0
0.0
0.0
0.0
0.0
0.0
0.0
-2.0
-6.25
2.0
-6.25
1.25
-4.5
0.0
-6.0
0.0
0.0
0.0
0.0
-2.0
0.0
0.0
-2.25
-4.25
-8.75
9.25
-5.5
-1.0
-5.75
-3.75
-8.5
0.25
1.25
-4.0
-11.5
-7.25
-6.25
-38.5
25.75
-8.25
-20.5
-5.0
-14.75
-10.5
0.5
-13.5
-15.75
-9.75
-4.5
-0.25
-0.5
-17.75
-20.75
22.25
-14.75
-7.25
-4.75
0.25
-14.0
9.75
-3.5
-21.25
1.0
-2.75
-6.0
-17.25
-22.5
20.75
-19.5
-13.75
11.75
3.75
-31.25
-5.0
-1.75
-15.5
-19.0
-26.75
-0.25
0.5
-10.0
-8.5
-15.25
-8.0
-15.5
-6.25
-2.75
-11.25
-22.5
28.25
-19.25
9.75
-6.5
-21.5
16.5
-13.5
-28.25
32.0
-16.5
-25.75
31.75
-27.5
9.0
-19.0
-0.75
-1.75
-29.0
-8.0
-10.5
-21.0
-12.5
-7.25
-26.5
-6.5
-20.5
-11.25
-33.0
-19.25
-10.75
-16.0
-32.0
2.25
-40.0
10.75
-3.5
-7.5
-48.5
-20.0
-17.25
-28.25
20.25
0.0
0.0
-30.5
-4.25
-26.25
4.5
-2.75
-6.75
2.0
-14.0
1.75
-20.75
3.5
-4.0
-2.75
-13.25
-9.75
0.0
-10.5
6.0
-5.25
-25.75
-1.5
-38.5
32.25
-10.0
-64.0
-47.25
76.0
-12.25
-21.5
4.75
-3.25
-6.5
-2.75
-11.25
-19.75
5.0
3.5
-15.5
-18.0
-2.0
-17.25
-0.25
-9.0
-8.5
13.0
-0.75
-1.75
-1.25
0.75
-8.75
6.5
-1.5
-7.0
6.5
0.0
-4.25
3.0
-2.25
-6.75
7.25
-6.0
-4.75
-1.25
-2.0
-10.25
3.5
-4.25
-3.5
0.0
-4.75
4.5
0.0
-2.0
-11.0
-4.75
6.25
4.0
0.0
-5.0
-1.75
-5.25
4.0
-6.25
-11.0
1.0
-1.25
-5.25
1.25
4.5
-2.75
-17.0
0.0
-2.25
-3.5
-2.75
-1.75
-2.75
-0.5
5.0
0.0
0.0
0.0
-0.75
0.5
-2.75
2.5
-3.25
3.0
0.0
-3.0
-5.75
8.0
-4.5
4.0
0.0
0.0
0.0
0.0
-5.0
-3.75
2.75
-2.0
0.0
0.0
0.0
0.0
-11.25
-17.0
19.25
0.5
0.0
0.0
0.0
0.0
0.0
0.0
0.0
0.0
0.0
0.0
0.0
0.0
0.0
0.0
0.0
0.0
-1.75
-7.25
-5.25
13.5
0.0
0.0
0.0
-3.25
1.25
-6.5
7.5
0.0
-4.25
4.0
0.0
0.0
0.0
0.0
0.0
0.0
0.0
0.0
0.0
0.0
0.0
0.0
0.0
0.0
0.0
0.0
0.0
0.0
0.0
0.0
0.0
0.0
0.0
0.0
0.0
0.0
0.0
0.0
0.0
0.0
0.0
0.0
0.0
0.0
0.0
0.0
0.0
0.0
-0.75
0.5
0.0
0.0
0.0
0.0
0.0
0.0
0.0
0.0
0.0
0.0
0.0
0.0
0.0
0.0
0.0
0.0
0.0
0.0
0.0
0.0
0.0
0.0
0.0
0.0
0.0
0.0
0.0
0.0
0.0
0.0
0.0
0.0
0.0
0.0
0.0
0.0
0.0
0.0
0.0
0.0
0.0
0.0
0.0
0.0
0.0
0.0
0.0
0.0
0.0
0.0
0.0
0.0
0.0
0.0
0.0
0.0
0.0
0.0
0.0
0.0
0.0
0.0
0.0
0.0
0.0
0.0
0.0
0.0
0.0
0.0
0.0
0.0
0.0
0.0
0.0
0.0
0.0
0.0
0.0
0.0
0.0
0.0
0.0
0.0
0.0
0.0
0.0
0.0
0.0
0.0
0.0
0.0
0.0
0.0
0.0
0.0
0.0
0.0
0.0
