0.0
0.0
0.0
5.0
9.0
9.0
9.0
9.0
9.0
0.0
0.0
0.0
0.0
0.0
0.0
0.0
0.0
1.5
7.5
5.5
11.5
10.0
14.5
14.5
20.0
20.0
20.0
20.0
20.0
22.0
22.0
22.0
24.0
28.0
36.0
26.5
31.5
32.5
38.0
41.5
49.5
49.0
47.5
51.5
62.5
69.5
75.0
112.0
86.0
94.0
113.5
118.0
132.0
142.0
141.0
153.5
169.0
178.0
182.0
182.0
182.5
199.5
219.5
197.0
211.0
217.0
221.5
221.0
234.0
223.5
227.0
247.5
246.5
249.0
254.5
270.5
291.5
270.5
289.5
302.5
290.5
286.5
317.5
322.0
323.5
338.0
357.0
382.5
382.5
382.0
392.0
400.5
415.5
423.5
438.5
444.0
446.0
456.5
477.5
449.0
467.5
457.0
463.0
483.0
466.5
479.0
505.5
473.0
488.5
513.0
481.0
507.0
498.0
516.0
516.5
518.0
545.5
553.0
563.0
583.5
595.5
602.0
627.5
633.0
652.5
662.5
695.0
713.0
723.5
738.5
768.5
765.5
804.5
793.5
797.0
804.0
852.0
871.0
887.5
914.5
893.5
893.5
893.5
923.5
927.5
952.5
947.0
949.5
956.0
954.0
967.5
965.5
986.0
982.5
986.5
989.0
1001.5
1010.5
1010.0
1020.0
1014.0
1019.0
1044.0
1045.0
1082.0
1049.5
1059.0
1121.5
1167.0
1090.5
1102.0
1123.0
1118.0
1121.0
1127.0
1129.0
1140.0
1158.5
1153.0
1149.0
1164.0
1181.0
1182.5
1199.0
1199.0
1207.5
1215.5
1202.5
1203.0
1204.5
1205.5
1204.5
1213.0
1206.5
1208.0
1214.5
1208.0
1208.0
1212.0
1209.0
1211.0
1217.0
1209.5
1215.5
1220.0
1221.0
1223.0
1233.0
1229.5
1233.5
1237.0
1237.0
1241.5
1237.0
1237.0
1238.5
1249.0
1252.5
1246.0
1242.0
1242.0
1247.0
1248.5
1253.5
1249.5
1255.5
1266.0
1265.0
1266.0
1271.0
1269.5
1265.0
1267.5
1284.5
1284.5
1286.5
1289.5
1292.0
1293.5
1296.0
1296.0
1291.0
1291.0
1291.0
1291.0
1291.5
1291.0
1293.5
1291.0
1294.0
1291.0
1291.0
1293.5
1299.0
1291.0
1295.0
1291.0
1291.0
1291.0
1291.0
1291.0
1295.5
1299.0
1296.0
1298.0
1298.0
1298.0
1298.0
1298.0
1309.0
1325.0
1305.5
1305.0
1305.0
1305.0
1305.0
1305.0
1305.0
1305.0
1305.0
1305.0
1305.0
1305.0
1305.0
1305.0
1305.0
1305.0
1305.0
1305.0
1306.5
1313.5
1318.5
1305.0
1305.0
1305.0
1305.0
1308.0
1306.5
1312.5
1305.0
1305.0
1309.0
1305.0
1305.0
1305.0
1305.0
1305.0
1305.0
1305.0
1305.0
1305.0
1305.0
1305.0
1305.0
1305.0
1305.0
1305.0
1305.0
1305.0
1305.0
1305.0
1305.0
1305.0
1305.0
1305.0
1305.0
1305.0
1305.0
1305.0
1305.0
1305.0
1305.0
1305.0
1305.0
1305.0
1305.0
1305.0
1305.0
1305.0
1305.0
1305.0
1305.5
1305.0
1305.0
1305.0
1305.0
1305.0
1305.0
1305.0
1305.0
1305.0
1305.0
1305.0
1305.0
1305.0
1305.0
1305.0
1305.0
1305.0
1305.0
1305.0
1305.0
1305.0
1305.0
1305.0
1305.0
1305.0
1305.0
1305.0
1305.0
1305.0
1305.0
1305.0
1305.0
1305.0
1305.0
1305.0
1305.0
1305.0
1305.0
1305.0
1305.0
1305.0
1305.0
1305.0
1305.0
1305.0
1305.0
1305.0
1305.0
1305.0
1305.0
1305.0
1305.0
1305.0
1305.0
1305.0
1305.0
1305.0
1305.0
1305.0
1305.0
1305.0
1305.0
1305.0
1305.0
1305.0
1305.0
1305.0
1305.0
1305.0
1305.0
1305.0
1305.0
1305.0
1305.0
1305.0
1305.0
1305.0
1305.0
1305.0
1305.0
1305.0
1305.0
1305.0
1305.0
1305.0
1305.0
1305.0
1305.0
1305.0
1305.0
1305.0
1305.0
1305.0
1305.0
1305.0
1305.0
1305.0
1305.0
1305.0
1305.0
